3.80434
2.5633
0.616928
4.05102
0.893588
5.36369
3.18589e-317
3.18589e-317
3.18589e-317
3.18589e-317
3.18589e-317
3.18589e-317
3.18589e-317
3.18589e-317
3.18589e-317
3.18589e-317
3.18589e-317
3.18589e-317
3.18589e-317
3.18589e-317
3.18589e-317
3.18589e-317
3.18589e-317
3.18589e-317
3.18589e-317
3.18589e-317
3.18589e-317
3.18589e-317
3.18589e-317
3.18589e-317
3.18589e-317
3.18589e-317
3.18589e-317
3.18589e-317
3.18589e-317
3.18589e-317
3.18589e-317
3.18589e-317
3.18589e-317
3.18589e-317
3.18589e-317
3.18589e-317
3.18589e-317
3.18589e-317
3.18589e-317
3.18589e-317
3.18589e-317
3.18589e-317
3.18589e-317
3.18589e-317
3.18589e-317
3.18589e-317
3.18589e-317
3.18589e-317
3.18589e-317
3.18589e-317
3.18589e-317
3.18589e-317
3.18589e-317
3.18589e-317
3.18589e-317
3.18589e-317
3.18589e-317
3.18589e-317
3.18589e-317
3.18589e-317
3.18589e-317
3.18589e-317
3.18589e-317
3.18589e-317
3.18589e-317
3.18589e-317
3.18589e-317
3.18589e-317
3.18589e-317
3.18589e-317
3.18589e-317
3.18589e-317
3.18589e-317
3.18589e-317
3.18589e-317
3.18589e-317
3.18589e-317
3.18589e-317
3.18589e-317
3.18589e-317
3.18589e-317
3.18589e-317
3.18589e-317
3.18589e-317
3.18589e-317
3.18589e-317
3.18589e-317
3.18589e-317
3.18589e-317
3.18589e-317
3.18589e-317
3.18589e-317
3.18589e-317
3.18589e-317
3.18589e-317
3.18589e-317
3.18589e-317
3.18589e-317
3.18589e-317
3.18589e-317
3.18589e-317
3.18589e-317
3.18589e-317
3.18589e-317
3.18589e-317
3.18589e-317
3.18589e-317
3.18589e-317
3.18589e-317
3.18589e-317
3.18589e-317
3.18589e-317
3.18589e-317
3.18589e-317
3.18589e-317
3.18589e-317
3.18589e-317
3.18589e-317
3.18589e-317
3.18589e-317
3.18589e-317
3.18589e-317
3.18589e-317
3.18589e-317
3.18589e-317
3.18589e-317
3.18589e-317
3.18589e-317
3.18589e-317
3.18589e-317
3.18589e-317
3.18589e-317
3.18589e-317
3.18589e-317
3.18589e-317
3.18589e-317
3.18589e-317
3.18589e-317
3.18589e-317
3.18589e-317
3.18589e-317
3.18589e-317
3.18589e-317
3.18589e-317
3.18589e-317
3.18589e-317
3.18589e-317
3.18589e-317
3.18589e-317
3.18589e-317
3.18589e-317
3.18589e-317
3.18589e-317
3.18589e-317
3.18589e-317
3.18589e-317
3.18589e-317
3.18589e-317
3.18589e-317
3.18589e-317
3.18589e-317
3.18589e-317
3.18589e-317
3.18589e-317
3.18589e-317
3.18589e-317
3.18589e-317
3.18589e-317
3.18589e-317
3.18589e-317
3.18589e-317
3.18589e-317
3.18589e-317
3.18589e-317
3.18589e-317
3.18589e-317
3.18589e-317
3.18589e-317
3.18589e-317
3.18589e-317
0.544151
0.514198
0.528961
0.504083
0.504083
0.504083
0.504083
0.504083
0.504083
0.504083
0.504083
0.504083
0.504083
0.504083
0.504083
0.504083
0.504083
0.504083
0.504083
0.504083
0.504083
0.504083
0.504083
0.504083
0.504083
0.504083
0.504083
0.504083
0.504083
0.504083
0.504083
0.504083
0.504083
0.504083
